  MAXIMUM ITER EXCEEDED    5.8059872050336834        3.3587403075179592        118.63680303068297       0.71833163995461558        3478837658.2770019                         0                    0
  EVOLV2 ARRAY WARNING    5.8059872050336834        3.3587403075179592        118.63680303068297       0.71833163995461558               80
 ITER>=LOOP:          80   1.6174456946397118E-019   3478837658.2770019        3478837658.2770019                6           6   1.6174456946397118E-019           0                    0                    0   8.4929127552094901        9.9812497164809577E-013       20000       20000
  MAXIMUM ITER EXCEEDED    15.916263356820885        6.3951078928728142        15884.228362408645       0.72711297398062047        6610446884.6699572                         0                    0
  EVOLV2 ARRAY WARNING    15.916263356820885        6.3951078928728142        15884.228362408645       0.72711297398062047               80
 ITER>=LOOP:          80   7.0343589994047048E-016   6610446884.6699572        6610446884.6699572                6           6   7.0343589994047048E-016           0                    0                    0   21.032349671118098        9.9886966739369196E-013       20000       20000
  MAXIMUM ITER EXCEEDED    2.4335698045199563        2.1341822572112181        14727.306379215970       0.26148673227630514        7458421033.3792248                         0                    0
  EVOLV2 ARRAY WARNING    2.4335698045199563        2.1341822572112181        14727.306379215970       0.26148673227630514               80
 ITER>=LOOP:          80   2.6804117272839587E-019   7458421033.3792248        7458421033.3792248                6           6   2.6804117272839587E-019           0                    0                    0  0.29938754730973505        9.9661390925842980E-013       20000       20000
  MAXIMUM ITER EXCEEDED    8.5175177440391536        2.0669645280910305        7385.3437749273944       0.73161676961350552        5359616026.5285015                         0                    0
  EVOLV2 ARRAY WARNING    8.5175177440391536        2.0669645280910305        7385.3437749273944       0.73161676961350552               80
 ITER>=LOOP:          80   5.1919801793710115E-020   5359616026.5285015        5359616026.5285015                6           6   5.1919801793710115E-020           0                    0                    0   10.171089361760677        9.9506666590431009E-013       20000       20000
  MAXIMUM ITER EXCEEDED    2.4867869424082243        2.1958509302393874        440224.05409231695       0.50726619727151112        3869660752.5716486                         0                    0
  EVOLV2 ARRAY WARNING    2.4867869424082243        2.1958509302393874        440224.05409231695       0.50726619727151112               80
 ITER>=LOOP:          80   2.7578640787976699E-019   3869660752.5716486        3869660752.5716486                6           6   2.7578640787976699E-019           0                    0                    0  0.29093601216983705        9.9545494659116062E-013       20000       20000
  MAXIMUM ITER EXCEEDED    2.5390580091192878        2.3874932524125674        1802344.1300514292       0.27610187028823330        5480550618.6695900                         0                    0
  EVOLV2 ARRAY WARNING    2.5390580091192878        2.3874932524125674        1802344.1300514292       0.27610187028823330               80
 ITER>=LOOP:          80   2.9792644886189387E-019   5480550618.6695900        5480550618.6695900                6           6   2.9792644886189387E-019           0                    0                    0  0.18612507338642681        9.9651999964946998E-013       20000       20000
  MAXIMUM ITER EXCEEDED    5.7175941891062090        3.1010085128448628        178146.53209361256       0.50145076262439225        7589701644.1576509                         0                    0
  EVOLV2 ARRAY WARNING    5.7175941891062090        3.1010085128448628        178146.53209361256       0.50145076262439225               80
 ITER>=LOOP:          80   1.0501534949506230E-019   7589701644.1576509        7589701644.1576509                6           6   1.0501534949506230E-019           0                    0                    0   8.1983587944841254        9.9868814974424185E-013       20000       20000
  MAXIMUM ITER EXCEEDED    7.6613657913127300        7.4062182038681064        5.0108656404049432       0.21859662392697166        3954269142.6116552                         0                    0
 ITER>=LOOP:           4   1.6257679626757281E-014   3954269142.6116552        3954269142.6116552                6           6   1.6257679626757281E-014           0                    0                    0   13.529253288479133        9.9556949130742721E-013       20000       20000
  MAXIMUM ITER EXCEEDED    4.1726755898479420        2.0381828217632054        2.3856990350595448        7.7549087833456987E-003   4495704960.8095255                         0                    0
  EVOLV2 ARRAY WARNING    4.1726755898479420        2.0381828217632054        2.3856990350595448        7.7549087833456987E-003          80
 ITER>=LOOP:          80   5.1268685574821511E-020   4495704960.8095255        4495704960.8095255                6           6   5.1268685574821511E-020           0                    0                    0   5.8019347062604396        9.9112195509680384E-013       20000       20000
  MAXIMUM ITER EXCEEDED    15.912874337620224        3.3993178390712040        18.845571330157227       0.63496004596532174        5849645872.8299847                         0                    0
  EVOLV2 ARRAY WARNING    15.912874337620224        3.3993178390712040        18.845571330157227       0.63496004596532174               80
 ITER>=LOOP:          80   1.7515457984471019E-019   5849645872.8299847        5849645872.8299847                6           6   1.7515457984471019E-019           0                    0                    0   18.632328608876083        9.9008084318685766E-013       20000       20000
  MAXIMUM ITER EXCEEDED    5.8059872050336834        3.3587403075179592        118.63680303068297       0.71833163995461558        432187414.19843596                         0                    0
  EVOLV2 ARRAY WARNING    5.8059872050336834        3.3587403075179592        118.63680303068297       0.71833163995461558               80
 ITER>=LOOP:          80   1.6174456946397118E-019   432187414.19843596        432187414.19843596                6           6   1.6174456946397118E-019           0                    0                    0   8.4929127552094901        9.9812497164809577E-013       20000       20000
  MAXIMUM ITER EXCEEDED    15.916263356820885        6.3951078928728142        15884.228362408645       0.72711297398062047        2220310871.7275100                         0                    0
  EVOLV2 ARRAY WARNING    15.916263356820885        6.3951078928728142        15884.228362408645       0.72711297398062047               80
 ITER>=LOOP:          80   7.0343589994047048E-016   2220310871.7275100        2220310871.7275100                6           6   7.0343589994047048E-016           0                    0                    0   21.032349671118098        9.9886966739369196E-013       20000       20000
  MAXIMUM ITER EXCEEDED    2.4335698045199563        2.1341822572112181        14727.306379215970       0.26148673227630514        7982399578.5637627                         0                    0
  EVOLV2 ARRAY WARNING    2.4335698045199563        2.1341822572112181        14727.306379215970       0.26148673227630514               80
 ITER>=LOOP:          80   2.6804117272839587E-019   7982399578.5637627        7982399578.5637627                6           6   2.6804117272839587E-019           0                    0                    0  0.29938754730973505        9.9661390925842980E-013       20000       20000
  MAXIMUM ITER EXCEEDED    8.5175177440391536        2.0669645280910305        7385.3437749273944       0.73161676961350552        5222622574.2892122                         0                    0
  EVOLV2 ARRAY WARNING    8.5175177440391536        2.0669645280910305        7385.3437749273944       0.73161676961350552               80
 ITER>=LOOP:          80   5.1919801793710115E-020   5222622574.2892122        5222622574.2892122                6           6   5.1919801793710115E-020           0                    0                    0   10.171089361760677        9.9506666590431009E-013       20000       20000
  MAXIMUM ITER EXCEEDED    2.4867869424082243        2.1958509302393874        440224.05409231695       0.50726619727151112        4582150852.9306421                         0                    0
  EVOLV2 ARRAY WARNING    2.4867869424082243        2.1958509302393874        440224.05409231695       0.50726619727151112               80
 ITER>=LOOP:          80   2.7578640787976699E-019   4582150852.9306421        4582150852.9306421                6           6   2.7578640787976699E-019           0                    0                    0  0.29093601216983705        9.9545494659116062E-013       20000       20000
  MAXIMUM ITER EXCEEDED    2.5390580091192878        2.3874932524125674        1802344.1300514292       0.27610187028823330        4864171740.5073709                         0                    0
  EVOLV2 ARRAY WARNING    2.5390580091192878        2.3874932524125674        1802344.1300514292       0.27610187028823330               80
 ITER>=LOOP:          80   2.9792644886189387E-019   4864171740.5073709        4864171740.5073709                6           6   2.9792644886189387E-019           0                    0                    0  0.18612507338642681        9.9651999964946998E-013       20000       20000
  MAXIMUM ITER EXCEEDED    5.7175941891062090        3.1010085128448628        178146.53209361256       0.50145076262439225        1972570839.4451981                         0                    0
  EVOLV2 ARRAY WARNING    5.7175941891062090        3.1010085128448628        178146.53209361256       0.50145076262439225               80
 ITER>=LOOP:          80   1.0501534949506230E-019   1972570839.4451981        1972570839.4451981                6           6   1.0501534949506230E-019           0                    0                    0   8.1983587944841254        9.9868814974424185E-013       20000       20000
  MAXIMUM ITER EXCEEDED    7.6613657913127300        7.4062182038681064        5.0108656404049432       0.21859662392697166        7521637795.2271385                         0                    0
 ITER>=LOOP:           4   1.6257679626757281E-014   7521637795.2271385        7521637795.2271385                6           6   1.6257679626757281E-014           0                    0                    0   13.529253288479133        9.9556949130742721E-013       20000       20000
  MAXIMUM ITER EXCEEDED    4.1726755898479420        2.0381828217632054        2.3856990350595448        7.7549087833456987E-003   7896957185.1797342                         0                    0
  EVOLV2 ARRAY WARNING    4.1726755898479420        2.0381828217632054        2.3856990350595448        7.7549087833456987E-003          80
 ITER>=LOOP:          80   5.1268685574821511E-020   7896957185.1797342        7896957185.1797342                6           6   5.1268685574821511E-020           0                    0                    0   5.8019347062604396        9.9112195509680384E-013       20000       20000
  MAXIMUM ITER EXCEEDED    15.912874337620224        3.3993178390712040        18.845571330157227       0.63496004596532174        818748893.05521703                         0                    0
  EVOLV2 ARRAY WARNING    15.912874337620224        3.3993178390712040        18.845571330157227       0.63496004596532174               80
 ITER>=LOOP:          80   1.7515457984471019E-019   818748893.05521703        818748893.05521703                6           6   1.7515457984471019E-019           0                    0                    0   18.632328608876083        9.9008084318685766E-013       20000       20000
  MAXIMUM ITER EXCEEDED    5.8059872050336834        3.3587403075179592        118.63680303068297       0.71833163995461558        5471942449.2316151                         0                    0
  EVOLV2 ARRAY WARNING    5.8059872050336834        3.3587403075179592        118.63680303068297       0.71833163995461558               80
 ITER>=LOOP:          80   1.6174456946397118E-019   5471942449.2316151        5471942449.2316151                6           6   1.6174456946397118E-019           0                    0                    0   8.4929127552094901        9.9812497164809577E-013       20000       20000
  MAXIMUM ITER EXCEEDED    15.916263356820885        6.3951078928728142        15884.228362408645       0.72711297398062047        1245353228.5435953                         0                    0
  EVOLV2 ARRAY WARNING    15.916263356820885        6.3951078928728142        15884.228362408645       0.72711297398062047               80
 ITER>=LOOP:          80   7.0343589994047048E-016   1245353228.5435953        1245353228.5435953                6           6   7.0343589994047048E-016           0                    0                    0   21.032349671118098        9.9886966739369196E-013       20000       20000
  MAXIMUM ITER EXCEEDED    2.4335698045199563        2.1341822572112181        14727.306379215970       0.26148673227630514        1493685679.5625141                         0                    0
  EVOLV2 ARRAY WARNING    2.4335698045199563        2.1341822572112181        14727.306379215970       0.26148673227630514               80
 ITER>=LOOP:          80   2.6804117272839587E-019   1493685679.5625141        1493685679.5625141                6           6   2.6804117272839587E-019           0                    0                    0  0.29938754730973505        9.9661390925842980E-013       20000       20000
  MAXIMUM ITER EXCEEDED    8.5175177440391536        2.0669645280910305        7385.3437749273944       0.73161676961350552        5842665371.0210066                         0                    0
  EVOLV2 ARRAY WARNING    8.5175177440391536        2.0669645280910305        7385.3437749273944       0.73161676961350552               80
 ITER>=LOOP:          80   5.1919801793710115E-020   5842665371.0210066        5842665371.0210066                6           6   5.1919801793710115E-020           0                    0                    0   10.171089361760677        9.9506666590431009E-013       20000       20000
  MAXIMUM ITER EXCEEDED    2.4867869424082243        2.1958509302393874        440224.05409231695       0.50726619727151112        4707903286.8297625                         0                    0
  EVOLV2 ARRAY WARNING    2.4867869424082243        2.1958509302393874        440224.05409231695       0.50726619727151112               80
 ITER>=LOOP:          80   2.7578640787976699E-019   4707903286.8297625        4707903286.8297625                6           6   2.7578640787976699E-019           0                    0                    0  0.29093601216983705        9.9545494659116062E-013       20000       20000
  MAXIMUM ITER EXCEEDED    2.5390580091192878        2.3874932524125674        1802344.1300514292       0.27610187028823330        3401578090.3647494                         0                    0
  EVOLV2 ARRAY WARNING    2.5390580091192878        2.3874932524125674        1802344.1300514292       0.27610187028823330               80
 ITER>=LOOP:          80   2.9792644886189387E-019   3401578090.3647494        3401578090.3647494                6           6   2.9792644886189387E-019           0                    0                    0  0.18612507338642681        9.9651999964946998E-013       20000       20000
  MAXIMUM ITER EXCEEDED    5.7175941891062090        3.1010085128448628        178146.53209361256       0.50145076262439225        2903509368.1670175                         0                    0
  EVOLV2 ARRAY WARNING    5.7175941891062090        3.1010085128448628        178146.53209361256       0.50145076262439225               80
 ITER>=LOOP:          80   1.0501534949506230E-019   2903509368.1670175        2903509368.1670175                6           6   1.0501534949506230E-019           0                    0                    0   8.1983587944841254        9.9868814974424185E-013       20000       20000
  MAXIMUM ITER EXCEEDED    7.6613657913127300        7.4062182038681064        5.0108656404049432       0.21859662392697166        3471225277.2509098                         0                    0
 ITER>=LOOP:           4   1.6257679626757281E-014   3471225277.2509098        3471225277.2509098                6           6   1.6257679626757281E-014           0                    0                    0   13.529253288479133        9.9556949130742721E-013       20000       20000
  MAXIMUM ITER EXCEEDED    4.1726755898479420        2.0381828217632054        2.3856990350595448        7.7549087833456987E-003   7096268369.0041475                         0                    0
  EVOLV2 ARRAY WARNING    4.1726755898479420        2.0381828217632054        2.3856990350595448        7.7549087833456987E-003          80
 ITER>=LOOP:          80   5.1268685574821511E-020   7096268369.0041475        7096268369.0041475                6           6   5.1268685574821511E-020           0                    0                    0   5.8019347062604396        9.9112195509680384E-013       20000       20000
  MAXIMUM ITER EXCEEDED    15.912874337620224        3.3993178390712040        18.845571330157227       0.63496004596532174        2930867461.4401217                         0                    0
  EVOLV2 ARRAY WARNING    15.912874337620224        3.3993178390712040        18.845571330157227       0.63496004596532174               80
 ITER>=LOOP:          80   1.7515457984471019E-019   2930867461.4401217        2930867461.4401217                6           6   1.7515457984471019E-019           0                    0                    0   18.632328608876083        9.9008084318685766E-013       20000       20000
  MAXIMUM ITER EXCEEDED    5.8059872050336834        3.3587403075179592        118.63680303068297       0.71833163995461558        2807243741.9147701                         0                    0
  EVOLV2 ARRAY WARNING    5.8059872050336834        3.3587403075179592        118.63680303068297       0.71833163995461558               80
 ITER>=LOOP:          80   1.6174456946397118E-019   2807243741.9147701        2807243741.9147701                6           6   1.6174456946397118E-019           0                    0                    0   8.4929127552094901        9.9812497164809577E-013       20000       20000
  MAXIMUM ITER EXCEEDED    15.916263356820885        6.3951078928728142        15884.228362408645       0.72711297398062047        7481031762.4038811                         0                    0
  EVOLV2 ARRAY WARNING    15.916263356820885        6.3951078928728142        15884.228362408645       0.72711297398062047               80
 ITER>=LOOP:          80   7.0343589994047048E-016   7481031762.4038811        7481031762.4038811                6           6   7.0343589994047048E-016           0                    0                    0   21.032349671118098        9.9886966739369196E-013       20000       20000
  MAXIMUM ITER EXCEEDED    2.4335698045199563        2.1341822572112181        14727.306379215970       0.26148673227630514        7429632293.3471622                         0                    0
  EVOLV2 ARRAY WARNING    2.4335698045199563        2.1341822572112181        14727.306379215970       0.26148673227630514               80
 ITER>=LOOP:          80   2.6804117272839587E-019   7429632293.3471622        7429632293.3471622                6           6   2.6804117272839587E-019           0                    0                    0  0.29938754730973505        9.9661390925842980E-013       20000       20000
  MAXIMUM ITER EXCEEDED    8.5175177440391536        2.0669645280910305        7385.3437749273944       0.73161676961350552        550070337.19846547                         0                    0
  EVOLV2 ARRAY WARNING    8.5175177440391536        2.0669645280910305        7385.3437749273944       0.73161676961350552               80
 ITER>=LOOP:          80   5.1919801793710115E-020   550070337.19846547        550070337.19846547                6           6   5.1919801793710115E-020           0                    0                    0   10.171089361760677        9.9506666590431009E-013       20000       20000
  MAXIMUM ITER EXCEEDED    2.4867869424082243        2.1958509302393874        440224.05409231695       0.50726619727151112        7658573701.2050982                         0                    0
  EVOLV2 ARRAY WARNING    2.4867869424082243        2.1958509302393874        440224.05409231695       0.50726619727151112               80
 ITER>=LOOP:          80   2.7578640787976699E-019   7658573701.2050982        7658573701.2050982                6           6   2.7578640787976699E-019           0                    0                    0  0.29093601216983705        9.9545494659116062E-013       20000       20000
  MAXIMUM ITER EXCEEDED    2.5390580091192878        2.3874932524125674        1802344.1300514292       0.27610187028823330        4917737254.9509945                         0                    0
  EVOLV2 ARRAY WARNING    2.5390580091192878        2.3874932524125674        1802344.1300514292       0.27610187028823330               80
 ITER>=LOOP:          80   2.9792644886189387E-019   4917737254.9509945        4917737254.9509945                6           6   2.9792644886189387E-019           0                    0                    0  0.18612507338642681        9.9651999964946998E-013       20000       20000
  MAXIMUM ITER EXCEEDED    5.7175941891062090        3.1010085128448628        178146.53209361256       0.50145076262439225        3247862422.7803178                         0                    0
  EVOLV2 ARRAY WARNING    5.7175941891062090        3.1010085128448628        178146.53209361256       0.50145076262439225               80
 ITER>=LOOP:          80   1.0501534949506230E-019   3247862422.7803178        3247862422.7803178                6           6   1.0501534949506230E-019           0                    0                    0   8.1983587944841254        9.9868814974424185E-013       20000       20000
  MAXIMUM ITER EXCEEDED    7.6613657913127300        7.4062182038681064        5.0108656404049432       0.21859662392697166        50709839.956885718                         0                    0
 ITER>=LOOP:           4   1.6257679626757281E-014   50709839.956885718        50709839.956885718                6           6   1.6257679626757281E-014           0                    0                    0   13.529253288479133        9.9556949130742721E-013       20000       20000
  MAXIMUM ITER EXCEEDED    4.1726755898479420        2.0381828217632054        2.3856990350595448        7.7549087833456987E-003   3860859765.3992138                         0                    0
  EVOLV2 ARRAY WARNING    4.1726755898479420        2.0381828217632054        2.3856990350595448        7.7549087833456987E-003          80
 ITER>=LOOP:          80   5.1268685574821511E-020   3860859765.3992138        3860859765.3992138                6           6   5.1268685574821511E-020           0                    0                    0   5.8019347062604396        9.9112195509680384E-013       20000       20000
  MAXIMUM ITER EXCEEDED    15.912874337620224        3.3993178390712040        18.845571330157227       0.63496004596532174        1335495590.6356514                         0                    0
  EVOLV2 ARRAY WARNING    15.912874337620224        3.3993178390712040        18.845571330157227       0.63496004596532174               80
 ITER>=LOOP:          80   1.7515457984471019E-019   1335495590.6356514        1335495590.6356514                6           6   1.7515457984471019E-019           0                    0                    0   18.632328608876083        9.9008084318685766E-013       20000       20000
